0 1 6.6
0 3 10.1
0 5 4.8
0 9 10.5
0 11 13.3
0 21 8.2
0 22 8.5
0 26 3.5
0 29 8.0
0 30 5.4
0 31 9.5
0 36 7.9
0 41 4.5
0 46 9.7
0 50 7.7
0 52 6.9
0 54 11.6
0 57 5.3
0 61 5.2
0 62 8.4
0 64 14.9
0 66 3.2
0 73 10.2
0 81 8.6
0 83 1.2
0 85 4.4
0 86 6.9
0 90 4.4
0 93 14.1
0 94 10.9
0 97 10.5
1 5 11.1
1 7 12.7
1 9 14.5
1 12 4.4
1 16 9.3
1 18 7.6
1 20 7.6
1 26 9.4
1 27 13.0
1 28 5.4
1 32 12.6
1 47 9.9
1 48 6.1
1 50 8.3
1 56 11.6
1 58 1.1
1 59 14.8
1 64 9.5
1 65 11.2
1 70 9.2
1 76 1.4
1 84 5.0
1 85 8.1
1 87 8.6
1 88 9.0
1 94 11.1
1 99 7.8
2 9 11.2
2 12 12.4
2 13 2.3
2 18 7.6
2 19 9.9
2 21 13.7
2 23 9.0
2 28 12.4
2 30 10.1
2 31 2.3
2 32 10.1
2 34 2.3
2 35 7.1
2 36 4.0
2 37 2.0
2 43 12.7
2 46 1.5
2 47 12.5
2 52 4.0
2 55 2.7
2 58 8.4
2 59 10.8
2 70 6.3
2 75 5.7
2 78 13.1
2 80 13.1
2 88 12.8
2 96 9.3
3 6 4.1
3 7 4.0
3 8 9.6
3 9 14.3
3 12 11.7
3 14 3.8
3 17 3.5
3 19 8.6
3 23 8.8
3 26 10.2
3 27 14.5
3 39 7.5
3 41 7.2
3 45 3.7
3 48 5.2
3 51 1.0
3 60 6.9
3 62 9.0
3 64 10.9
3 72 5.3
3 73 3.2
3 74 13.5
3 76 2.7
3 77 9.4
3 78 3.6
3 82 13.2
3 83 9.4
3 85 2.5
3 88 7.3
3 89 7.5
3 94 6.0
4 8 6.6
4 10 10.3
4 14 8.9
4 16 3.2
4 18 7.7
4 20 1.5
4 21 2.1
4 28 11.3
4 31 5.3
4 36 4.7
4 37 6.4
4 40 7.9
4 43 6.7
4 45 8.4
4 47 9.6
4 49 14.0
4 50 4.6
4 51 4.3
4 55 10.7
4 57 6.8
4 61 3.4
4 63 13.8
4 67 3.4
4 69 5.5
4 71 3.7
4 78 11.3
4 79 9.4
4 82 10.0
4 87 12.1
4 96 10.6
4 99 1.7
5 7 13.8
5 9 5.2
5 11 4.1
5 14 2.6
5 16 13.8
5 19 14.3
5 23 6.4
5 25 12.3
5 26 2.1
5 35 8.1
5 37 6.2
5 38 14.1
5 39 2.3
5 42 9.9
5 45 5.3
5 49 5.5
5 50 4.4
5 59 7.2
5 67 1.6
5 68 10.3
5 71 12.4
5 73 3.3
5 76 1.8
5 77 3.5
5 82 2.1
5 83 8.0
5 87 11.4
5 89 8.1
5 91 9.1
5 94 14.0
5 95 10.9
6 7 1.8
6 9 9.5
6 25 1.8
6 26 11.0
6 32 6.3
6 33 7.4
6 41 6.0
6 42 6.5
6 47 10.3
6 48 14.4
6 49 9.7
6 50 11.0
6 52 1.7
6 53 14.9
6 54 3.8
6 56 10.5
6 58 3.3
6 60 3.0
6 62 2.3
6 65 13.5
6 67 3.7
6 77 8.5
6 79 12.6
6 83 7.9
6 87 7.0
6 94 9.0
6 96 1.8
6 99 4.8
7 17 15.0
7 20 8.9
7 26 3.6
7 28 13.7
7 29 7.0
7 39 3.2
7 45 4.5
7 46 11.0
7 50 13.4
7 54 12.5
7 58 13.9
7 59 14.9
7 65 11.8
7 67 11.4
7 68 14.3
7 69 2.1
7 70 5.5
7 74 5.6
7 80 13.7
7 83 6.7
7 85 10.4
7 86 12.9
7 87 13.5
7 94 7.3
7 96 7.4
7 98 13.1
8 10 1.4
8 14 7.8
8 15 13.4
8 25 7.6
8 27 10.9
8 39 10.6
8 42 8.8
8 45 5.2
8 46 12.3
8 48 13.5
8 49 8.4
8 60 3.7
8 61 6.2
8 62 11.7
8 65 3.0
8 69 11.7
8 70 1.6
8 79 5.8
8 85 9.1
8 96 11.5
8 98 8.7
9 12 13.9
9 14 9.7
9 17 2.6
9 19 12.8
9 20 10.6
9 26 7.7
9 27 1.6
9 28 13.9
9 29 5.7
9 38 14.7
9 40 7.8
9 42 6.0
9 46 7.7
9 54 9.0
9 56 12.6
9 57 3.6
9 60 12.8
9 61 4.0
9 67 9.8
9 71 4.2
9 72 4.3
9 73 12.4
9 74 12.2
9 75 3.0
9 77 2.9
9 79 7.4
9 88 7.2
9 91 7.7
9 94 2.7
10 16 3.5
10 17 6.3
10 24 4.1
10 25 2.6
10 26 5.7
10 27 13.1
10 29 8.4
10 33 3.3
10 36 1.5
10 38 7.0
10 43 12.6
10 45 13.3
10 46 5.3
10 47 10.7
10 49 6.6
10 50 10.2
10 57 10.4
10 65 2.3
10 67 1.6
10 68 14.4
10 69 4.3
10 79 12.7
10 80 9.5
10 81 7.2
10 84 11.9
10 85 1.2
10 87 6.0
10 89 4.1
10 92 11.1
10 93 7.7
10 98 6.1
11 18 4.8
11 20 12.5
11 21 11.2
11 28 1.3
11 30 7.1
11 32 14.4
11 33 4.4
11 34 6.4
11 35 2.7
11 38 13.9
11 41 8.0
11 43 3.9
11 47 5.5
11 48 1.8
11 51 2.3
11 52 6.0
11 53 10.5
11 61 15.0
11 66 7.4
11 67 9.4
11 71 14.5
11 72 14.1
11 84 6.2
11 89 14.6
11 93 3.8
11 94 6.0
12 13 11.4
12 14 3.7
12 18 9.4
12 25 11.3
12 32 7.2
12 33 1.6
12 37 3.2
12 43 4.9
12 56 7.8
12 57 13.2
12 58 3.0
12 65 9.7
12 70 2.6
12 71 9.7
12 75 1.2
12 77 1.8
12 81 4.9
12 83 4.9
12 86 9.6
12 97 1.4
12 98 12.0
13 14 12.5
13 16 4.3
13 17 10.7
13 18 3.7
13 22 3.9
13 26 11.4
13 35 3.4
13 36 3.7
13 39 4.8
13 41 2.6
13 46 14.2
13 48 2.9
13 53 15.0
13 69 11.2
13 71 4.8
13 73 1.9
13 76 13.2
13 80 13.9
13 81 12.5
13 82 4.9
13 87 1.7
13 89 1.6
13 90 10.6
13 92 14.6
13 93 11.8
14 28 3.5
14 29 9.7
14 30 12.0
14 36 12.8
14 38 14.3
14 46 2.2
14 49 6.2
14 58 7.1
14 59 9.7
14 65 9.3
14 70 6.5
14 73 6.6
14 78 4.7
14 82 10.4
14 83 12.6
14 85 5.7
14 86 4.8
14 88 1.6
14 91 9.6
14 95 12.4
14 97 2.7
15 18 9.9
15 19 12.6
15 21 9.0
15 28 2.8
15 30 8.5
15 34 12.3
15 36 10.4
15 38 14.4
15 43 4.3
15 48 4.7
15 53 3.5
15 54 2.1
15 61 7.5
15 63 12.6
15 65 14.8
15 72 14.3
15 80 13.0
15 84 3.3
15 86 5.1
15 87 14.6
15 89 10.7
15 93 6.3
15 95 13.0
15 99 4.9
16 20 10.4
16 22 10.3
16 27 13.9
16 40 5.7
16 42 4.4
16 44 6.3
16 45 5.8
16 52 1.7
16 55 8.1
16 57 7.6
16 69 4.9
16 72 5.7
16 79 14.8
16 80 4.4
16 83 12.2
16 87 3.4
16 91 3.6
16 97 13.2
16 99 11.0
17 19 12.5
17 20 1.9
17 21 8.1
17 23 1.2
17 24 6.0
17 31 3.4
17 38 5.4
17 42 10.7
17 43 3.7
17 47 10.9
17 55 10.2
17 56 7.1
17 60 6.8
17 61 3.2
17 62 14.2
17 63 2.6
17 67 2.9
17 68 7.1
17 70 2.0
17 72 8.6
17 73 2.9
17 76 3.8
17 79 12.9
17 80 14.1
17 83 13.4
17 85 12.9
17 90 6.5
17 94 10.5
17 95 14.6
18 19 9.8
18 27 4.7
18 28 3.5
18 31 7.1
18 32 6.4
18 40 10.3
18 46 5.9
18 47 10.3
18 50 2.1
18 57 11.0
18 58 6.9
18 59 7.3
18 60 13.3
18 62 8.3
18 67 7.9
18 69 5.0
18 75 13.7
18 85 7.2
18 86 11.6
18 89 14.1
18 90 14.2
18 92 11.5
18 94 5.6
18 95 14.7
18 96 6.1
19 20 9.3
19 22 6.3
19 32 14.2
19 33 1.4
19 34 6.6
19 39 8.1
19 45 2.7
19 46 12.3
19 48 1.5
19 51 3.5
19 61 2.2
19 64 6.6
19 67 3.3
19 68 11.9
19 69 10.6
19 70 14.6
19 71 9.2
19 74 11.6
19 84 13.4
19 87 14.0
19 88 4.8
19 89 12.6
19 90 8.6
19 95 6.1
19 96 3.6
19 97 14.2
19 99 10.5
20 23 14.7
20 26 6.7
20 29 8.4
20 30 6.2
20 40 8.4
20 41 14.3
20 45 2.3
20 48 2.0
20 51 6.1
20 58 1.1
20 67 14.0
20 68 11.5
20 71 8.2
20 72 3.8
20 75 7.1
20 81 10.7
20 83 4.4
20 85 5.7
20 90 9.5
20 91 14.7
20 95 6.4
20 96 14.7
21 25 8.7
21 29 14.1
21 31 1.8
21 36 1.2
21 37 5.8
21 39 9.8
21 45 7.9
21 51 4.6
21 52 9.1
21 54 9.0
21 60 12.3
21 61 4.1
21 63 4.6
21 65 3.3
21 69 2.1
21 71 3.1
21 74 7.7
21 82 6.7
21 83 4.1
21 88 4.8
21 91 4.6
21 92 5.9
21 94 6.0
21 97 14.9
21 98 1.7
22 27 9.3
22 31 14.3
22 42 10.6
22 43 5.6
22 45 1.7
22 48 8.3
22 49 5.1
22 52 11.9
22 54 7.3
22 59 8.1
22 61 3.2
22 63 14.0
22 68 5.4
22 76 7.6
22 83 5.7
22 85 14.5
22 91 14.2
22 95 6.5
22 98 10.4
23 25 4.4
23 28 14.8
23 30 1.0
23 32 8.7
23 35 7.9
23 36 13.8
23 40 2.3
23 41 11.3
23 50 14.5
23 54 9.6
23 60 5.8
23 61 7.3
23 64 2.5
23 65 10.3
23 69 1.6
23 72 6.0
23 74 8.9
23 77 6.8
23 80 6.7
23 85 9.9
23 86 4.4
23 87 9.0
23 94 4.7
23 96 12.1
23 98 11.5
23 99 11.5
24 27 1.8
24 41 10.8
24 45 7.1
24 53 5.2
24 61 4.4
24 70 12.1
24 72 7.8
24 75 2.2
24 78 12.5
24 84 2.3
24 85 8.4
24 86 8.6
24 90 4.2
24 91 9.1
24 93 7.9
24 96 8.9
24 98 5.9
25 30 9.0
25 40 4.1
25 45 10.7
25 46 1.5
25 47 8.5
25 48 6.5
25 49 9.0
25 53 12.6
25 56 13.8
25 62 7.2
25 67 3.3
25 70 6.9
25 72 11.2
25 74 3.5
25 76 1.5
25 78 3.8
25 79 7.5
25 81 13.0
25 88 5.0
25 91 8.1
25 92 8.7
25 96 4.4
25 97 6.1
25 98 5.0
26 30 3.5
26 31 11.5
26 37 3.0
26 38 4.7
26 41 6.9
26 60 8.5
26 61 5.2
26 63 6.1
26 65 3.5
26 70 5.7
26 75 5.5
26 84 11.2
26 88 7.2
26 90 9.5
26 93 8.6
26 97 8.3
27 35 14.2
27 37 7.0
27 39 12.9
27 40 10.6
27 41 9.6
27 45 5.1
27 58 5.4
27 61 1.4
27 62 7.4
27 67 3.1
27 78 2.6
27 80 1.9
27 84 1.6
27 89 11.6
27 93 8.1
27 95 10.5
27 98 12.0
28 31 5.0
28 37 4.2
28 39 13.3
28 41 7.3
28 54 1.4
28 56 2.4
28 57 12.3
28 60 4.6
28 62 8.2
28 63 1.4
28 64 3.9
28 66 3.6
28 70 9.4
28 72 10.8
28 74 10.1
28 80 2.9
28 81 9.3
28 87 12.8
28 89 4.1
28 91 4.2
28 92 13.9
28 94 9.5
29 32 6.5
29 35 7.2
29 42 12.1
29 44 11.9
29 45 3.0
29 46 10.2
29 53 1.4
29 56 11.8
29 58 7.4
29 64 5.2
29 68 7.9
29 72 2.4
29 75 9.8
29 76 4.8
29 80 1.8
29 83 5.2
29 85 5.1
29 89 12.9
29 96 5.1
29 97 8.8
30 32 9.8
30 33 8.6
30 38 13.0
30 39 1.6
30 41 4.8
30 48 1.1
30 50 9.5
30 54 1.7
30 56 7.3
30 57 14.8
30 59 14.0
30 64 1.1
30 66 7.2
30 70 13.3
30 73 10.6
30 79 11.9
30 88 11.8
30 89 8.9
30 90 7.7
30 98 2.2
31 34 11.1
31 35 11.2
31 36 7.1
31 39 7.2
31 40 8.8
31 46 6.9
31 48 3.9
31 53 13.7
31 54 11.8
31 56 9.3
31 59 9.6
31 60 3.5
31 61 2.9
31 62 14.5
31 64 14.0
31 72 10.7
31 76 3.3
31 80 10.0
31 85 7.9
31 99 12.9
32 43 8.8
32 46 10.6
32 47 1.9
32 48 13.5
32 50 4.7
32 57 13.1
32 59 7.1
32 61 13.6
32 63 6.4
32 69 6.8
32 70 13.2
32 72 2.7
32 75 4.5
32 78 3.5
32 82 10.1
32 84 3.5
32 87 13.0
32 91 11.3
32 98 5.5
33 35 8.1
33 37 12.7
33 39 2.9
33 40 5.9
33 44 11.7
33 47 8.4
33 54 7.8
33 55 10.6
33 68 6.9
33 77 5.8
33 81 11.1
33 88 2.6
33 96 13.7
33 99 3.3
34 37 13.0
34 47 14.4
34 49 3.6
34 55 7.6
34 56 3.5
34 59 8.5
34 63 12.8
34 64 12.1
34 69 8.7
34 70 2.1
34 73 6.8
34 75 5.2
34 79 14.4
34 80 5.7
34 81 13.1
34 84 1.5
34 89 6.6
34 93 6.3
34 94 5.1
34 95 12.5
35 37 3.1
35 38 4.3
35 39 9.8
35 44 1.3
35 48 3.4
35 49 12.2
35 50 14.7
35 53 7.4
35 55 4.0
35 56 6.9
35 57 11.7
35 70 13.3
35 71 11.6
35 72 14.9
35 74 8.8
35 80 1.6
35 84 2.1
35 98 3.7
35 99 1.6
36 38 7.3
36 42 8.9
36 45 2.6
36 47 14.9
36 50 9.8
36 59 3.6
36 72 6.5
36 73 6.5
36 74 4.1
36 77 6.8
36 80 11.5
36 85 10.9
36 91 8.4
36 96 11.4
37 38 9.4
37 40 8.9
37 41 1.2
37 44 7.1
37 45 6.7
37 48 2.4
37 51 4.6
37 54 7.6
37 61 2.5
37 69 3.0
37 71 4.6
37 75 5.8
37 76 6.0
37 80 11.5
37 83 3.5
37 87 12.5
37 99 12.9
38 39 3.9
38 41 10.5
38 45 9.3
38 46 5.3
38 47 12.1
38 51 7.8
38 53 7.7
38 54 3.6
38 57 13.6
38 59 1.3
38 62 12.6
38 63 13.4
38 64 1.6
38 65 2.3
38 67 10.6
38 76 3.4
38 78 11.9
38 80 12.7
38 82 10.1
38 92 11.9
38 93 6.0
38 94 3.2
38 95 8.2
39 41 10.1
39 59 12.9
39 60 4.6
39 61 2.2
39 63 12.9
39 64 10.4
39 66 4.3
39 67 7.5
39 74 1.6
39 75 1.5
39 84 8.6
39 91 13.8
39 96 8.5
39 97 11.6
39 99 10.2
40 41 10.2
40 42 1.8
40 45 8.8
40 46 14.8
40 47 11.4
40 50 6.2
40 56 2.6
40 58 13.4
40 59 6.6
40 60 10.1
40 61 12.3
40 62 12.9
40 65 8.7
40 71 5.5
40 83 2.1
40 84 8.1
40 87 10.1
40 90 14.1
40 97 2.9
40 99 14.6
41 44 12.5
41 54 1.9
41 59 13.7
41 60 1.2
41 68 2.9
41 69 2.3
41 76 9.3
41 81 15.0
41 92 7.7
41 93 5.8
41 95 13.5
41 97 12.9
42 43 3.9
42 51 8.5
42 53 3.5
42 60 14.7
42 63 13.7
42 68 10.5
42 75 8.0
42 76 4.9
42 77 3.3
42 78 12.5
42 83 6.0
42 93 12.3
42 94 8.2
42 99 7.7
43 46 6.3
43 50 1.2
43 51 1.8
43 68 13.7
43 69 12.8
43 78 7.5
43 79 3.4
43 86 13.3
43 88 2.8
43 90 1.6
44 46 12.3
44 47 3.7
44 49 3.2
44 52 8.6
44 54 1.6
44 57 1.9
44 63 10.4
44 64 3.1
44 65 9.2
44 68 3.9
44 69 9.9
44 70 5.1
44 72 13.4
44 74 6.8
44 76 7.4
44 80 14.6
44 81 13.8
44 83 10.1
44 84 3.6
44 86 6.7
44 87 13.9
44 90 14.8
44 94 14.2
44 96 14.8
44 98 1.2
45 46 9.0
45 55 8.9
45 60 2.2
45 65 14.6
45 67 8.0
45 69 1.2
45 71 9.7
45 75 11.3
45 80 13.6
45 92 7.9
45 96 14.3
46 47 8.5
46 48 8.4
46 50 8.0
46 51 6.9
46 54 2.8
46 56 12.5
46 58 13.9
46 63 13.8
46 65 5.0
46 67 9.4
46 68 9.6
46 70 3.9
46 74 6.6
46 76 2.8
46 77 12.6
46 78 9.5
46 83 3.6
46 85 12.3
46 95 10.2
46 99 6.9
47 53 8.3
47 55 8.4
47 58 14.1
47 60 13.7
47 63 13.0
47 64 11.0
47 67 13.6
47 69 9.9
47 71 11.4
47 73 2.2
47 78 10.4
47 79 14.7
47 80 1.7
47 82 4.1
47 88 11.8
47 89 15.0
47 97 5.0
48 51 3.7
48 53 11.5
48 55 9.4
48 57 5.3
48 61 4.4
48 65 12.4
48 71 11.9
48 78 9.5
48 79 10.0
48 94 6.0
48 95 12.6
48 96 12.9
48 97 10.8
49 50 12.9
49 51 10.3
49 52 10.8
49 56 11.0
49 60 3.4
49 66 2.1
49 69 1.8
49 70 8.2
49 71 6.5
49 72 1.3
49 73 12.7
49 75 8.2
49 82 10.9
49 83 6.9
49 89 12.6
49 90 1.3
50 51 9.0
50 56 2.7
50 61 4.7
50 62 14.8
50 68 10.2
50 71 12.1
50 73 9.2
50 76 10.3
50 83 14.4
50 86 13.3
50 89 10.0
50 90 3.2
50 97 7.1
50 98 4.8
51 53 13.4
51 55 5.6
51 65 2.6
51 68 4.7
51 80 8.6
51 84 13.1
51 87 4.6
51 88 7.7
51 89 9.7
51 90 10.4
51 93 2.7
51 99 5.1
52 58 1.5
52 59 12.3
52 60 9.7
52 65 7.8
52 66 3.0
52 67 4.2
52 69 7.5
52 73 3.6
52 75 12.4
52 76 4.6
52 81 1.7
52 82 2.6
52 87 2.9
53 54 3.4
53 64 3.5
53 66 1.4
53 68 7.1
53 74 12.1
53 76 13.1
53 79 13.5
53 80 8.2
53 82 2.5
53 83 5.1
53 85 6.0
53 91 3.8
54 58 9.7
54 64 8.9
54 68 11.6
54 69 4.5
54 70 1.4
54 72 8.5
54 73 8.9
54 80 9.3
54 82 8.1
54 87 12.0
54 92 7.8
54 97 10.7
55 59 7.8
55 62 14.9
55 64 7.5
55 67 5.2
55 69 5.2
55 71 2.4
55 73 10.9
55 80 2.0
55 83 2.1
55 85 1.8
55 86 11.8
55 88 1.3
55 89 1.9
55 92 8.4
55 95 11.9
55 97 13.3
56 62 4.1
56 63 5.3
56 64 2.7
56 68 11.9
56 69 12.9
56 71 6.9
56 73 6.4
56 79 15.0
56 80 3.9
56 84 3.0
56 85 4.5
56 88 11.9
56 91 3.9
56 93 11.8
56 98 4.5
57 59 7.6
57 61 11.4
57 62 13.9
57 76 11.4
57 79 3.3
57 83 3.7
57 88 10.6
57 91 3.0
57 99 10.1
58 59 7.3
58 61 9.2
58 63 14.1
58 64 4.3
58 65 5.9
58 68 7.4
58 70 11.8
58 71 5.6
58 72 9.9
58 75 10.0
58 81 12.6
58 89 12.3
58 91 9.6
59 61 11.4
59 62 5.4
59 63 10.2
59 65 14.2
59 66 5.3
59 69 5.7
59 75 7.1
59 76 3.0
59 80 14.9
59 81 5.5
59 84 10.3
59 86 10.1
59 87 3.0
59 99 8.7
60 68 7.9
60 70 14.8
60 73 12.5
60 77 6.5
60 78 7.7
60 80 4.6
60 87 5.6
60 91 4.6
61 63 13.4
61 70 2.2
61 71 11.2
61 74 1.9
61 77 10.4
61 78 9.1
61 92 4.8
61 93 12.6
61 94 6.7
61 95 14.5
61 97 8.7
62 70 3.0
62 71 7.6
62 72 13.7
62 75 8.6
62 79 13.1
62 81 1.4
62 83 12.4
62 87 12.4
62 92 2.2
62 95 12.0
63 64 9.6
63 68 6.0
63 69 7.3
63 70 7.4
63 76 4.0
63 78 12.0
63 80 12.7
63 83 13.6
63 85 9.8
63 88 12.2
63 91 2.0
63 94 5.1
63 97 13.7
63 99 14.1
64 73 11.6
64 75 2.4
64 82 11.7
64 83 13.9
64 88 10.0
64 90 10.3
64 97 6.2
64 99 8.8
65 67 14.7
65 68 5.5
65 71 8.2
65 73 6.9
65 74 14.0
65 78 11.2
65 82 14.3
65 84 12.1
65 85 8.9
65 86 2.5
65 87 2.5
65 90 12.0
66 67 11.8
66 69 5.2
66 73 9.2
66 79 9.0
66 80 14.8
66 81 5.4
66 86 9.5
66 89 7.2
66 92 11.0
66 93 14.1
66 97 14.9
67 72 11.6
67 74 10.7
67 75 8.2
67 76 5.3
67 79 7.6
67 80 12.0
67 85 13.1
67 88 6.0
67 93 11.8
67 96 10.4
67 99 3.8
68 69 10.5
68 70 6.7
68 74 8.3
68 78 7.7
68 79 1.9
68 80 9.5
68 82 8.5
68 83 7.8
68 84 5.4
68 87 2.9
68 92 5.5
68 99 6.9
69 72 6.8
69 73 3.9
69 74 11.6
69 76 9.0
69 83 12.0
69 84 7.4
69 90 1.4
69 95 12.0
69 98 5.6
69 99 2.7
70 73 3.4
70 74 5.3
70 76 7.3
70 81 13.3
70 84 6.3
70 85 4.1
70 92 12.8
70 95 4.0
70 99 2.3
71 74 14.5
71 76 5.0
71 78 9.7
71 79 2.3
71 80 2.3
71 84 5.1
71 85 7.5
71 87 6.5
71 90 6.4
72 74 7.1
72 83 7.2
72 85 14.3
72 88 8.2
72 89 2.1
72 92 8.7
72 96 3.1
73 74 3.1
73 77 1.3
73 83 10.8
73 85 4.7
73 88 3.4
73 90 14.6
73 92 12.6
73 95 4.7
73 98 14.5
73 99 9.7
74 76 3.9
74 77 2.7
74 78 1.6
74 80 7.8
74 88 9.4
74 92 1.5
74 97 5.2
74 99 10.6
75 78 7.0
75 89 2.6
75 95 12.5
75 96 7.9
75 98 13.4
75 99 14.7
76 78 5.6
76 79 4.9
76 84 3.2
76 86 1.0
76 87 5.1
76 90 6.9
76 91 12.3
76 93 12.8
77 79 5.6
77 82 9.0
77 84 9.3
77 87 4.2
77 90 3.2
77 93 15.0
77 97 12.7
78 80 4.1
78 83 8.6
78 85 12.8
78 86 5.6
78 87 5.7
78 91 8.8
78 97 13.4
78 98 1.1
79 80 14.7
79 83 14.8
79 86 4.3
79 92 10.0
79 96 8.5
79 98 11.5
79 99 3.0
80 85 4.4
80 87 12.7
80 90 14.1
80 96 4.6
80 99 5.1
81 82 14.4
81 84 11.5
81 88 8.3
81 89 13.5
81 92 2.6
82 83 3.2
82 84 8.8
82 85 5.4
82 86 8.5
82 92 4.2
82 97 14.2
83 84 1.8
83 87 11.7
83 88 3.1
83 93 7.9
84 88 1.6
84 90 6.0
84 98 7.4
85 89 6.2
85 91 11.9
85 92 3.4
85 95 13.3
85 96 2.3
85 99 1.6
86 87 7.8
86 88 2.5
86 89 2.2
86 91 9.2
86 99 7.1
87 88 13.0
87 89 12.2
87 91 8.9
88 90 11.4
88 92 2.0
88 93 4.3
88 94 7.0
88 95 7.3
89 96 8.4
89 98 11.1
89 99 9.2
90 92 2.7
90 95 4.9
90 96 11.7
90 99 1.4
91 94 7.3
91 98 1.5
91 99 10.7
92 96 14.7
92 97 11.8
93 99 3.9
95 98 4.1
96 99 2.8
